
	elements pre
	0.37109375, 0.43359375, 0.3671875
	0.31640625, 0.53515625, 0.3125
	0.4609375,  0.703125,   0.46484375
	0.6484375,  0.8046875,  0.65234375
	
	elements post
	0.328125,   0.3984375,  0.41796875
	0.3125,     0.484375,   0.53515625
	0.46484375, 0.640625,   0.6875
	0.69140625, 0.79296875, 0.81640625
	
	special elements
	0.88671875, 0.5703125,  0.28125
	
	selected elements
	0.69921875, 0.,         0.10546875
	
	loads
	0.92578125, 0.109375,   0.140625
	
	constraints
	0.99609375, 0.49609375, 0.15234375
	
	displacements
	0.,         0.6328125,  0.90625
	
	rotations
	0.59765625, 0.84765625, 0.9140625
	
	background
	0.8359375,  0.8671875,  0.890625
	
	parts
	0.85546875, 0.7890625,  0.6484375
	0.796875,   0.73046875, 0.58203125
	0.73046875, 0.64453125, 0.44140625
	0.859375,   0.85546875, 0.64453125